1 42 0
2 59 0
3 44 1
4 1 1
5 46 0
6 29 1
7 35 0
8 30 1
9 6 0
10 10 1
11 56 1
12 59 1
13 18 0
14 8 0
15 26 0
16 22 0
17 51 1
18 30 1
19 44 1
20 8 1
21 55 0
22 27 1
23 4 0
24 48 0
25 59 1
26 43 0
27 58 0
28 2 1
29 44 1
30 35 0
31 58 0
32 57 0
33 58 1
34 8 0
35 50 0
36 59 0
37 57 0
38 5 0
39 45 1
40 48 0
41 6 1
42 39 1
43 55 1
44 52 0
45 35 1
46 56 0
47 37 1
48 56 1
49 31 1
50 3 0
51 53 1
52 26 0
53 20 1
54 24 1
55 27 1
56 17 0
57 58 1
58 40 0
59 19 1
60 59 0
61 24 1
62 22 1
63 58 1
64 11 0
65 24 1
66 38 0
67 44 1
68 4 1
69 7 0
70 12 0
71 42 0
72 24 0
73 34 0
74 18 1
75 46 0
76 54 0
77 38 1
78 26 0
79 55 0
80 34 0
81 39 1
82 42 1
83 14 1
84 30 0
85 11 0
86 46 1
87 58 0
88 41 0
89 33 1
90 27 1
